9.275683
10.821630
12.367577
13.913524
15.459471
17.005418
18.551365
20.097312
21.643259
23.189207
24.735154
26.281101
27.827048
29.372995
30.918942
32.464889
34.010836
35.556783
37.102730
38.648678
31.417554
30.108489
28.799424
27.490360
26.181295
24.872230
23.563165
22.254101
20.945036
19.635971
18.326906
17.017842
15.708777
14.399712
13.090647
11.781583
10.472518
9.163453
7.854388
6.545324
7.854388
9.163453
10.472518
11.781583
13.090647
14.399712
15.708777
17.017842
18.326906
19.635971
20.945036
22.254101
23.563165
24.872230
26.181295
27.490360
28.799424
30.108489
31.417554
32.726619
37.102730
35.556783
34.010836
32.464889
30.918942
29.372995
27.827048
26.281101
24.735154
23.189207
21.643259
20.097312
18.551365
17.005418
15.459471
13.913524
12.367577
10.821630
9.275683
7.729736
